      MDL_CABI = 4.880000D-01
      MDL_MZINPUT = 9.118800D+01
      MDL_MZDINPUT = 2.000000D+01
      MDL_MHSINPUT = 2.000000D+02
      MDL_EPSILON = 1.000000D-02
      MDL_KAP = 1.000000D-09
      MDL_AXM1 = 1.279000D+02
      MDL_MHINPUT = 1.250000D+02
      MDL_SWSQ = 2.250000D-01
      AEWM1 = 1.279000D+02
      MDL_GF = 1.166390D-05
      AS = 1.180000D-01
      MDL_YMD = 4.670000D-03
      MDL_YMU = 2.600000D-03
      MDL_YMS = 9.300000D-02
      MDL_YMC = 1.420000D+00
      MDL_YMB = 4.700000D+00
      MDL_YMT = 1.743000D+02
      MDL_YMEL = 5.110000D-04
      MDL_YMMU = 1.057000D-01
      MDL_YMTAU = 1.777000D+00
      MDL_ME = 5.110000D-04
      MDL_MM = 1.057000D-01
      MDL_MTA = 1.777000D+00
      MDL_MU = 2.600000D-03
      MDL_MC = 1.420000D+00
      MDL_MT = 1.743000D+02
      MDL_MD = 4.670000D-03
      MDL_MS = 9.300000D-02
      MDL_MB = 4.700000D+00
      MDL_WT = 1.508336D+00
      MDL_WZ = 2.441404D+00
      MDL_WZP = 8.252000D-04
      MDL_WW = 2.047600D+00
      MDL_WH = 2.822990D-03
      MDL_WHS = 5.237950D+00
